9  805   1
9  13364   1
9  935   1
9  8189   1
21  4304   1
21  9663   1
30  3275   1
30  4686   1
30  7094   1
30  8216   1
39  8198   1
39  3444   1
42  81   1
61  1589   1
61  9997   1
81  42   1
81  1726   1
84  9733   1
84  14589   1
84  7031   1
97  4821   1
97  2698   1
97  11148   1
119  6907   1
119  8114   1
119  9258   1
124  3033   1
124  11510   1
124  10473   1
132  6415   1
147  11926   1
152  890   1
165  10352   1
175  6908   1
175  14272   1
182  13245   1
182  4352   1
186  2039   1
186  2138   1
197  2450   1
197  6890   1
198  11909   1
198  12161   1
198  11846   1
240  14461   1
255  4673   1
255  14408   1
255  3547   1
259  10387   1
259  7470   1
270  4594   1
270  12880   1
271  9783   1
278  14474   1
286  1219   1
286  4436   1
286  4593   1
286  11972   1
288  12903   1
297  6575   1
302  6279   1
302  6857   1
311  13908   1
311  2428   1
311  5214   1
312  3074   1
312  10556   1
315  4206   1
316  6229   1
316  9516   1
333  7471   1
347  757   1
348  8289   1
349  1871   1
350  11256   1
352  1433   1
352  5864   1
353  8010   1
353  657   1
353  6877   1
360  5169   1
362  2450   1
378  3269   1
385  9534   1
385  4423   1
386  10492   1
386  9759   1
386  14572   1
388  9636   1
393  7047   1
393  11530   1
393  6978   1
401  8677   1
413  7764   1
414  10041   1
420  4799   1
420  12256   1
420  2130   1
420  5033   1
423  13034   1
430  2141   1
430  7920   1
436  13034   1
437  6272   1
437  13426   1
437  4718   1
437  5042   1
438  1942   1
439  3771   1
439  10079   1
445  8459   1
461  10308   1
479  3269   1
482  7998   1
482  12072   1
496  13638   1
496  14054   1
498  9180   1
498  7866   1
499  14572   1
504  3504   1
504  14138   1
506  7279   1
514  1103   1
515  1038   1
520  2675   1
521  14057   1
522  6411   1
522  8254   1
522  12478   1
522  14057   1
523  10507   1
525  2522   1
525  4966   1
526  7252   1
537  6536   1
541  8459   1
542  2135   1
542  9164   1
551  3496   1
567  12880   1
567  3944   1
579  14572   1
582  4214   1
582  7039   1
583  10804   1
583  7401   1
588  10820   1
590  12854   1
593  13435   1
595  7944   1
598  14350   1
604  2392   1
604  7058   1
620  10392   1
620  802   1
627  2705   1
642  4916   1
644  3546   1
647  6368   1
652  8677   1
652  12155   1
656  5874   1
657  353   1
660  4092   1
663  7834   1
663  11256   1
663  12128   1
665  2103   1
668  2495   1
669  6229   1
669  1140   1
673  6536   1
677  3547   1
681  2691   1
683  11475   1
687  4151   1
687  5994   1
697  8264   1
697  11877   1
697  11588   1
697  13749   1
711  7964   1
713  6211   1
713  13488   1
713  8850   1
713  12804   1
729  11711   1
731  10660   1
731  12173   1
731  9586   1
731  12582   1
732  7028   1
732  11630   1
734  9280   1
741  5237   1
741  12627   1
743  4763   1
751  1939   1
754  8690   1
754  9047   1
754  5054   1
754  12195   1
757  13503   1
757  347   1
757  13611   1
766  12002   1
766  13328   1
767  8662   1
770  8496   1
770  11223   1
770  9103   1
770  13427   1
771  8267   1
771  8366   1
778  12408   1
781  10530   1
787  8662   1
795  7623   1
795  9465   1
795  12818   1
801  11056   1
801  13414   1
802  9796   1
802  9800   1
802  620   1
805  14368   1
805  9   1
812  2117   1
812  3494   1
817  7169   1
817  10136   1
819  1074   1
821  6920   1
825  850   1
825  13114   1
850  825   1
853  2710   1
853  2726   1
859  11768   1
860  3985   1
865  9305   1
865  12504   1
865  11017   1
869  13483   1
877  2575   1
886  8409   1
887  2575   1
890  152   1
890  9336   1
894  3786   1
894  6978   1
895  2135   1
895  11181   1
895  2016   1
907  5622   1
919  6370   1
919  11177   1
919  1575   1
929  12967   1
929  5156   1
929  9053   1
934  6897   1
935  9   1
935  12711   1
942  7029   1
944  9981   1
950  7961   1
950  8518   1
950  12134   1
950  4919   1
950  5548   1
958  1278   1
967  11272   1
967  3496   1
981  2482   1
987  6332   1
991  12056   1
991  9460   1
997  2103   1
997  12035   1
997  11931   1
997  12922   1
998  4026   1
1000  12056   1
1000  9460   1
1012  13156   1
1012  1392   1
1012  7340   1
1022  3338   1
1022  3826   1
1022  8273   1
1022  8305   1
1025  3144   1
1033  12586   1
1034  4023   1
1034  4392   1
1038  13483   1
1038  515   1
1038  13824   1
1039  9640   1
1039  14388   1
1039  7159   1
1039  12240   1
1041  2324   1
1042  8643   1
1042  9112   1
1053  8049   1
1053  9096   1
1059  11433   1
1066  9767   1
1066  5313   1
1074  819   1
1074  14133   1
1074  5012   1
1084  3396   1
1084  13701   1
1088  4178   1
1088  11497   1
1091  1490   1
1091  10492   1
1102  6844   1
1102  7132   1
1103  514   1
1103  4236   1
1103  14313   1
1104  6487   1
1104  9743   1
1108  11247   1
1120  11056   1
1129  13724   1
1130  11349   1
1130  14015   1
1130  5005   1
1130  11711   1
1135  9577   1
1135  1696   1
1137  9084   1
1137  12858   1
1138  13032   1
1138  10996   1
1140  10041   1
1140  10923   1
1140  669   1
1140  1326   1
1145  8145   1
1146  3968   1
1152  9159   1
1159  13245   1
1159  4352   1
1160  4924   1
1160  11369   1
1162  12830   1
1162  12834   1
1162  10442   1
1162  10573   1
1163  5143   1
1164  5597   1
1169  10059   1
1170  1500   1
1172  9661   1
1183  5847   1
1183  11070   1
1184  4171   1
1184  5549   1
1186  6807   1
1186  12780   1
1189  7934   1
1210  2733   1
1211  3904   1
1217  8779   1
1219  286   1
1220  4301   1
1220  11301   1
1223  14433   1
1223  14589   1
1225  4301   1
1225  11301   1
1226  5055   1
1239  3970   1
1239  4294   1
1239  11785   1
1239  14597   1
1243  7074   1
1243  10197   1
1253  9926   1
1258  10368   1
1259  4729   1
1259  9892   1
1263  11247   1
1267  11630   1
1270  11028   1
1272  7369   1
1278  958   1
1278  1367   1
1278  1341   1
1284  7509   1
1284  7530   1
1289  14011   1
1293  6601   1
1293  12666   1
1296  8697   1
1296  10372   1
1296  3320   1
1296  13830   1
1297  13156   1
1300  12053   1
1300  12173   1
1307  14380   1
1308  14380   1
1309  12890   1
1315  14011   1
1326  1140   1
1328  4682   1
1332  4173   1
1337  11813   1
1341  9357   1
1341  1278   1
1341  12237   1
1343  5548   1
1343  7794   1
1343  1728   1
1349  13859   1
1349  9926   1
1355  2110   1
1355  4878   1
1356  13317   1
1363  8099   1
1363  11254   1
1367  1278   1
1369  1598   1
1374  12620   1
1383  8156   1
1383  13873   1
1387  7491   1
1387  9814   1
1387  1675   1
1387  8474   1
1389  14490   1
1392  7934   1
1392  1012   1
1408  5161   1
1408  5474   1
1408  13034   1
1426  7800   1
1426  5925   1
1427  5467   1
1429  8022   1
1433  352   1
1444  3183   1
1446  4314   1
1450  6530   1
1450  9626   1
1459  4100   1
1460  14034   1
1461  2463   1
1490  1091   1
1490  1525   1
1490  3261   1
1490  5127   1
1496  1871   1
1498  8986   1
1500  3012   1
1500  8218   1
1500  1170   1
1500  10784   1
1510  1592   1
1510  8428   1
1510  8319   1
1512  9767   1
1512  5313   1
1525  1490   1
1525  10492   1
1530  5290   1
1530  12416   1
1530  10772   1
1533  8939   1
1540  13523   1
1541  9649   1
1542  1804   1
1549  8406   1
1549  8455   1
1559  11475   1
1559  9312   1
1565  6561   1
1565  13475   1
1565  2904   1
1570  5888   1
1574  6897   1
1575  8679   1
1575  919   1
1575  6441   1
1577  6727   1
1583  3649   1
1589  61   1
1590  13650   1
1590  13651   1
1592  2819   1
1592  1510   1
1598  10630   1
1598  11319   1
1598  1369   1
1598  9246   1
1614  9475   1
1614  12615   1
1616  10408   1
1617  7693   1
1620  10347   1
1623  5006   1
1623  13642   1
1625  12612   1
1630  10985   1
1630  11778   1
1630  8125   1
1630  13307   1
1637  10036   1
1637  5108   1
1639  6436   1
1639  11803   1
1642  1905   1
1650  6270   1
1650  9871   1
1651  2340   1
1654  5681   1
1657  11926   1
1657  8543   1
1662  4414   1
1674  12439   1
1674  12618   1
1675  1387   1
1675  2658   1
1675  3321   1
1681  6330   1
1681  12666   1
1689  5859   1
1690  11680   1
1691  3188   1
1696  4618   1
1696  10913   1
1696  1135   1
1696  2012   1
1697  2254   1
1698  3139   1
1703  2229   1
1703  2134   1
1704  2574   1
1705  7285   1
1705  12585   1
1713  11813   1
1719  9112   1
1719  9444   1
1726  81   1
1728  1343   1
1728  6281   1
1737  3352   1
1738  14146   1
1745  7925   1
1746  2209   1
1746  5229   1
1758  6836   1
1759  6368   1
1765  6936   1
1765  7539   1
1765  3052   1
1765  9304   1
1766  11092   1
1766  6022   1
1767  10831   1
1769  3275   1
1777  2819   1
1777  8439   1
1787  8088   1
1794  4322   1
1794  7826   1
1794  14346   1
1795  6824   1
1798  5384   1
1798  11806   1
1804  1542   1
1804  11949   1
1811  3155   1
1813  7866   1
1814  2293   1
1814  7185   1
1814  4763   1
1827  3163   1
1827  3087   1
1827  11537   1
1852  2609   1
1853  6906   1
1856  12652   1
1856  7135   1
1864  12652   1
1864  7135   1
1871  349   1
1871  1496   1
1889  13060   1
1889  14178   1
1905  2644   1
1905  3816   1
1905  1642   1
1905  8739   1
1911  3613   1
1912  9042   1
1912  14135   1
1930  4908   1
1930  8483   1
1930  8629   1
1937  9671   1
1939  751   1
1939  6782   1
1941  2042   1
1942  2042   1
1942  438   1
1942  14284   1
1960  2495   1
1963  3444   1
1968  3748   1
1968  9881   1
1969  3542   1
1972  12529   1
1980  11926   1
1982  3315   1
1996  12001   1
1997  10267   1
1997  13114   1
1998  5380   1
2008  3626   1
2012  1696   1
2014  5693   1
2016  5293   1
2016  5298   1
2016  895   1
2016  10786   1
2021  4572   1
2022  8034   1
2023  3600   1
2038  12664   1
2039  186   1
2039  8972   1
2041  9390   1
2042  3356   1
2042  10579   1
2042  1941   1
2042  1942   1
2049  11641   1
2053  12711   1
2057  4178   1
2066  6769   1
2066  9391   1
2068  5214   1
2074  6368   1
2078  2725   1
2081  5006   1
2083  8461   1
2083  12318   1
2083  3493   1
2089  4173   1
2091  6907   1
2091  10041   1
2098  7452   1
2098  10141   1
2099  2103   1
2103  997   1
2103  665   1
2103  2099   1
2108  5929   1
2108  7471   1
2110  1355   1
2116  13476   1
2117  812   1
2121  13584   1
2124  6229   1
2124  7440   1
2129  10124   1
2130  420   1
2131  3968   1
2131  12750   1
2134  2947   1
2134  1703   1
2134  7266   1
2135  542   1
2135  895   1
2137  7048   1
2138  186   1
2140  13317   1
2141  430   1
2141  13008   1
2142  2949   1
2147  7845   1
2147  7878   1
2149  2949   1
2176  4200   1
2179  5874   1
2192  3437   1
2193  13043   1
2195  5361   1
2201  4287   1
2201  5318   1
2208  8190   1
2208  9760   1
2209  1746   1
2209  14184   1
2211  12586   1
2214  3437   1
2219  5162   1
2219  5457   1
2226  13455   1
2229  1703   1
2229  6133   1
2229  14379   1
2240  5932   1
2250  9312   1
2254  4572   1
2254  1697   1
2254  11545   1
2261  11221   1
2267  11323   1
2277  6961   1
2277  13727   1
2288  8495   1
2293  1814   1
2295  6906   1
2298  3968   1
2309  3904   1
2311  2546   1
2311  13002   1
2324  1041   1
2324  14427   1
2327  11554   1
2327  11556   1
2334  10033   1
2334  13588   1
2334  13703   1
2334  13974   1
2340  1651   1
2340  6051   1
2343  2364   1
2343  8562   1
2346  4316   1
2346  5411   1
2351  10772   1
2357  2395   1
2364  2343   1
2364  5296   1
2370  10772   1
2374  13826   1
2378  5124   1
2378  6730   1
2379  11027   1
2385  6727   1
2389  5209   1
2392  6844   1
2392  7132   1
2392  604   1
2392  10659   1
2394  13979   1
2395  10000   1
2395  2357   1
2395  7373   1
2396  12600   1
2397  3287   1
2397  9161   1
2407  4006   1
2407  9842   1
2410  5336   1
2415  11425   1
2415  12341   1
2421  13186   1
2428  311   1
2429  14461   1
2436  7913   1
2439  4712   1
2439  9354   1
2439  2611   1
2439  4810   1
2441  4977   1
2442  9922   1
2443  13541   1
2444  7252   1
2444  9168   1
2446  13826   1
2450  197   1
2450  362   1
2450  6208   1
2455  9516   1
2455  10004   1
2462  10660   1
2463  1461   1
2463  6064   1
2464  13979   1
2473  8284   1
2479  8136   1
2482  981   1
2482  10226   1
2495  668   1
2495  1960   1
2497  11503   1
2497  12235   1
2499  10253   1
2499  3680   1
2499  4884   1
2500  7821   1
2500  8231   1
2508  13744   1
2514  7295   1
2514  12662   1
2521  3071   1
2522  525   1
2523  6156   1
2523  8091   1
2526  2733   1
2526  11070   1
2529  11786   1
2529  12192   1
2535  9593   1
2535  4143   1
2540  10689   1
2540  10144   1
2540  10158   1
2543  4511   1
2543  7723   1
2546  2311   1
2547  6674   1
2552  13257   1
2553  3437   1
2557  4074   1
2563  7800   1
2566  5479   1
2566  6085   1
2566  13257   1
2568  5124   1
2568  7350   1
2574  1704   1
2574  4770   1
2575  4605   1
2575  877   1
2575  887   1
2596  10618   1
2603  5075   1
2603  12020   1
2603  5005   1
2605  13420   1
2608  7980   1
2609  1852   1
2609  11684   1
2611  13574   1
2611  13739   1
2611  2439   1
2634  6070   1
2634  7356   1
2644  10912   1
2644  1905   1
2648  10184   1
2657  11633   1
2658  1675   1
2662  3865   1
2662  5476   1
2663  9096   1
2666  3600   1
2674  5479   1
2674  12102   1
2675  520   1
2675  3134   1
2691  7454   1
2691  12285   1
2691  681   1
2691  14109   1
2693  10232   1
2693  10261   1
2694  3835   1
2695  6727   1
2698  97   1
2699  10431   1
2701  4076   1
2701  4743   1
2705  7764   1
2705  627   1
2705  9867   1
2706  8741   1
2706  5344   1
2706  5861   1
2710  9186   1
2710  853   1
2711  5951   1
2720  10343   1
2720  10973   1
2725  2078   1
2725  7217   1
2726  9186   1
2726  853   1
2729  2917   1
2729  5457   1
2730  8099   1
2733  1210   1
2733  2526   1
2778  11564   1
2780  4613   1
2780  13972   1
2780  5078   1
2800  4712   1
2819  1777   1
2819  1592   1
2819  6586   1
2831  4941   1
2831  7279   1
2832  6838   1
2833  4199   1
2835  12248   1
2841  10184   1
2841  7019   1
2848  3115   1
2852  11893   1
2858  11756   1
2858  14121   1
2858  12750   1
2873  4919   1
2874  10550   1
2879  10085   1
2879  14117   1
2900  2971   1
2900  2910   1
2904  1565   1
2906  10500   1
2910  8387   1
2910  12212   1
2910  2900   1
2910  4398   1
2916  5841   1
2917  2729   1
2917  4700   1
2934  5102   1
2935  13453   1
2947  7822   1
2947  2134   1
2947  6254   1
2948  7216   1
2949  3087   1
2949  4711   1
2949  2142   1
2949  2149   1
2957  4594   1
2957  9610   1
2957  13786   1
2965  11138   1
2965  7394   1
2968  11138   1
2968  7592   1
2969  7485   1
2969  4339   1
2971  2900   1
2971  4398   1
2971  7325   1
2971  7375   1
2977  7185   1
2977  11649   1
2977  3288   1
2977  12125   1
2981  9193   1
2981  14292   1
2981  6604   1
2987  13483   1
2987  5955   1
2989  9593   1
3003  6014   1
3008  7986   1
3008  10761   1
3012  1500   1
3014  5316   1
3018  9538   1
3021  11860   1
3027  10025   1
3027  5166   1
3033  124   1
3033  11084   1
3052  1765   1
3052  11346   1
3060  3723   1
3060  7054   1
3060  4486   1
3060  7984   1
3071  10942   1
3071  2521   1
3071  8613   1
3074  13302   1
3074  312   1
3087  1827   1
3087  2949   1
3095  4035   1
3095  8731   1
3095  4319   1
3103  14249   1
3105  3143   1
3113  3748   1
3113  6132   1
3113  14064   1
3115  2848   1
3115  8759   1
3127  14071   1
3132  7199   1
3132  8770   1
3134  2675   1
3138  3857   1
3139  3976   1
3139  4718   1
3139  1698   1
3139  9019   1
3143  3105   1
3143  8138   1
3143  13931   1
3144  1025   1
3144  5287   1
3144  13931   1
3145  4212   1
3145  11708   1
3145  13931   1
3152  11869   1
3155  1811   1
3155  5383   1
3156  9565   1
3160  8694   1
3161  11893   1
3163  14482   1
3163  1827   1
3163  7589   1
3165  6054   1
3182  3925   1
3183  1444   1
3183  4230   1
3183  13931   1
3188  1691   1
3188  3656   1
3188  4427   1
3188  7430   1
3209  8010   1
3209  11221   1
3210  3320   1
3210  9168   1
3219  7652   1
3222  4193   1
3222  4948   1
3222  11889   1
3227  8967   1
3235  7485   1
3235  6133   1
3238  9881   1
3261  1490   1
3269  378   1
3269  5644   1
3269  479   1
3269  7730   1
3275  30   1
3275  1769   1
3275  3643   1
3277  11264   1
3277  12858   1
3284  5841   1
3285  3800   1
3285  6208   1
3287  2397   1
3288  2977   1
3293  3613   1
3302  5380   1
3302  5668   1
3311  7801   1
3311  10845   1
3311  6184   1
3311  13451   1
3313  11102   1
3313  13530   1
3315  8590   1
3315  9589   1
3315  1982   1
3315  5793   1
3320  3210   1
3320  12159   1
3320  1296   1
3321  1675   1
3324  14583   1
3324  11776   1
3329  4511   1
3329  7723   1
3335  7531   1
3338  1022   1
3342  13724   1
3352  1737   1
3352  11731   1
3353  12235   1
3356  2042   1
3368  4151   1
3368  10568   1
3368  13212   1
3369  5622   1
3369  12385   1
3372  7913   1
3375  10642   1
3383  11633   1
3393  10374   1
3393  10498   1
3393  6119   1
3396  1084   1
3396  8720   1
3402  3946   1
3402  5559   1
3410  12903   1
3411  6252   1
3414  6928   1
3417  13245   1
3417  13980   1
3424  13441   1
3427  4220   1
3427  11145   1
3434  11542   1
3434  11551   1
3436  7272   1
3436  7376   1
3437  2192   1
3437  2214   1
3437  2553   1
3444  9534   1
3444  39   1
3444  1963   1
3445  5412   1
3451  5483   1
3453  8909   1
3453  13948   1
3456  13259   1
3456  13715   1
3460  5721   1
3460  6167   1
3468  10500   1
3468  4332   1
3468  9121   1
3474  14071   1
3474  10291   1
3480  13200   1
3480  6208   1
3492  10096   1
3493  2083   1
3493  8180   1
3494  812   1
3496  551   1
3496  967   1
3504  504   1
3505  9783   1
3535  14032   1
3542  1969   1
3542  12323   1
3546  644   1
3546  4638   1
3547  3981   1
3547  8432   1
3547  255   1
3547  677   1
3550  4728   1
3550  4533   1
3550  7063   1
3551  13497   1
3556  8697   1
3562  7133   1
3570  6213   1
3570  9216   1
3572  4849   1
3572  6746   1
3573  5399   1
3574  6229   1
3575  5313   1
3584  5501   1
3584  5575   1
3593  10387   1
3600  2666   1
3600  7141   1
3600  2023   1
3603  11737   1
3603  12329   1
3603  12403   1
3603  13860   1
3609  8013   1
3609  9635   1
3610  6115   1
3610  9333   1
3610  4586   1
3610  6925   1
3613  1911   1
3613  3293   1
3613  6874   1
3613  11941   1
3619  13908   1
3626  2008   1
3626  6225   1
3627  4456   1
3627  11996   1
3627  12052   1
3627  13372   1
3629  7021   1
3629  11190   1
3643  3275   1
3649  1583   1
3649  8675   1
3656  5160   1
3656  12029   1
3656  3188   1
3657  10035   1
3667  12641   1
3676  3889   1
3676  5940   1
3677  4919   1
3678  8013   1
3678  9635   1
3679  4821   1
3680  2499   1
3720  11431   1
3720  14254   1
3722  9162   1
3722  11460   1
3723  13541   1
3723  3060   1
3724  13129   1
3738  7203   1
3738  9766   1
3738  9098   1
3738  10026   1
3741  5743   1
3742  5087   1
3742  5229   1
3748  1968   1
3748  3113   1
3755  4417   1
3755  4699   1
3771  439   1
3786  8688   1
3786  894   1
3786  5198   1
3798  5958   1
3800  10680   1
3800  14564   1
3800  3285   1
3800  12101   1
3816  10912   1
3816  1905   1
3821  10000   1
3826  1022   1
3835  2694   1
3835  4884   1
3837  7384   1
3837  9371   1
3849  8154   1
3853  13336   1
3853  13686   1
3853  9631   1
3853  10135   1
3857  3138   1
3857  11696   1
3860  13737   1
3865  2662   1
3870  6824   1
3889  3676   1
3889  7962   1
3891  8787   1
3896  12227   1
3899  9538   1
3904  1211   1
3904  2309   1
3904  4743   1
3904  10635   1
3915  11057   1
3918  10291   1
3925  3182   1
3925  11956   1
3928  10004   1
3928  12363   1
3939  5929   1
3944  567   1
3944  4594   1
3946  3402   1
3968  2131   1
3968  9835   1
3968  1146   1
3968  2298   1
3970  1239   1
3970  7319   1
3976  3139   1
3981  3547   1
3985  11727   1
3985  12819   1
3985  860   1
3985  13998   1
3987  5689   1
3987  11578   1
3987  4159   1
3989  12761   1
3993  13352   1
3995  6050   1
3997  6050   1
3998  4923   1
3998  6679   1
3999  4004   1
3999  6090   1
4004  3999   1
4006  2407   1
4023  1034   1
4026  998   1
4026  10035   1
4035  3095   1
4036  7320   1
4036  8430   1
4044  6778   1
4044  6891   1
4044  11160   1
4046  13628   1
4047  14490   1
4052  5180   1
4061  13493   1
4061  5681   1
4074  2557   1
4074  4369   1
4076  2701   1
4077  10367   1
4077  10370   1
4083  7045   1
4085  4456   1
4085  9923   1
4092  660   1
4092  6669   1
4099  8967   1
4100  1459   1
4100  13411   1
4102  4872   1
4104  5718   1
4104  5725   1
4111  11084   1
4116  7384   1
4116  4327   1
4116  10253   1
4119  13677   1
4126  7707   1
4126  8207   1
4126  5289   1
4143  2535   1
4143  5797   1
4151  687   1
4151  8311   1
4151  3368   1
4151  12684   1
4152  10059   1
4152  10405   1
4154  9364   1
4154  10058   1
4154  12780   1
4159  3987   1
4161  8769   1
4163  6252   1
4163  14199   1
4164  5350   1
4164  8453   1
4164  9918   1
4164  13996   1
4171  1184   1
4173  1332   1
4173  2089   1
4176  4241   1
4177  10642   1
4178  1088   1
4178  2057   1
4193  3222   1
4193  6239   1
4199  2833   1
4199  10015   1
4200  2176   1
4200  6467   1
4203  4336   1
4203  6642   1
4203  6266   1
4204  6238   1
4204  11983   1
4206  315   1
4206  13897   1
4209  8321   1
4212  9565   1
4212  3145   1
4214  582   1
4214  5520   1
4214  10805   1
4220  3427   1
4220  5078   1
4220  10633   1
4221  14287   1
4222  8321   1
4230  3183   1
4236  1103   1
4236  9387   1
4241  10258   1
4241  13576   1
4241  4176   1
4241  7575   1
4244  8769   1
4248  4446   1
4248  8545   1
4256  4729   1
4256  9892   1
4277  12529   1
4286  13818   1
4287  5551   1
4287  12929   1
4287  2201   1
4290  10085   1
4294  1239   1
4294  7382   1
4294  10445   1
4299  9385   1
4301  6378   1
4301  1220   1
4301  1225   1
4304  13316   1
4304  21   1
4309  6507   1
4314  6566   1
4314  6862   1
4314  1446   1
4314  6837   1
4316  2346   1
4319  3095   1
4319  7435   1
4321  12365   1
4322  1794   1
4323  7279   1
4327  5048   1
4327  4116   1
4332  3468   1
4335  10253   1
4336  4203   1
4336  9892   1
4339  2969   1
4339  11817   1
4352  182   1
4352  1159   1
4352  14057   1
4354  7002   1
4365  6160   1
4365  12104   1
4369  4074   1
4370  4623   1
4370  8008   1
4381  9159   1
4386  6507   1
4389  8311   1
4392  1034   1
4396  4908   1
4397  6373   1
4397  7942   1
4398  2971   1
4398  2910   1
4406  11384   1
4406  12919   1
4410  13302   1
4412  5316   1
4414  1662   1
4414  10387   1
4416  13503   1
4417  3755   1
4423  385   1
4423  6175   1
4427  3188   1
4430  7029   1
4432  6035   1
4432  9586   1
4436  286   1
4442  4829   1
4442  13453   1
4446  4248   1
4451  9387   1
4452  14384   1
4456  3627   1
4456  4085   1
4468  8204   1
4468  10373   1
4472  10659   1
4481  7570   1
4481  5902   1
4486  3060   1
4488  10831   1
4500  6588   1
4500  11444   1
4500  6668   1
4502  6668   1
4502  10941   1
4502  10942   1
4503  6668   1
4503  8967   1
4503  11028   1
4504  6668   1
4504  6897   1
4504  11776   1
4510  7471   1
4511  10439   1
4511  2543   1
4511  3329   1
4514  6718   1
4514  13986   1
4518  12812   1
4521  13043   1
4533  5229   1
4533  3550   1
4560  12812   1
4572  2021   1
4572  2254   1
4580  12317   1
4582  8466   1
4582  8692   1
4586  3610   1
4593  286   1
4594  270   1
4594  2957   1
4594  3944   1
4603  5412   1
4605  8002   1
4605  2575   1
4605  8769   1
4610  4682   1
4613  2780   1
4618  1696   1
4619  10300   1
4623  11730   1
4623  4370   1
4624  13147   1
4630  13481   1
4638  3546   1
4639  6521   1
4644  5843   1
4652  11292   1
4652  12736   1
4652  5055   1
4665  11070   1
4666  6928   1
4673  13867   1
4673  13914   1
4673  255   1
4682  8466   1
4682  8692   1
4682  1328   1
4682  4610   1
4686  4880   1
4686  30   1
4699  3755   1
4700  2917   1
4700  6256   1
4708  11436   1
4711  2949   1
4712  2800   1
4712  4810   1
4712  2439   1
4718  437   1
4718  3139   1
4721  5348   1
4722  8448   1
4724  7980   1
4724  11625   1
4728  3550   1
4728  14178   1
4729  1259   1
4729  11721   1
4729  4256   1
4729  4767   1
4743  3904   1
4743  2701   1
4763  743   1
4763  1814   1
4763  10941   1
4767  4729   1
4767  9892   1
4770  2574   1
4770  8680   1
4772  6465   1
4791  12544   1
4799  420   1
4804  11137   1
4807  11137   1
4810  4712   1
4810  2439   1
4815  8070   1
4815  8088   1
4815  13069   1
4815  13135   1
4821  97   1
4821  3679   1
4825  5166   1
4825  11409   1
4829  4442   1
4829  8044   1
4842  5843   1
4844  6466   1
4844  8592   1
4844  8165   1
4846  5709   1
4847  13804   1
4848  6191   1
4849  3572   1
4872  4102   1
4872  10580   1
4875  13405   1
4878  1355   1
4880  4686   1
4880  10837   1
4884  2499   1
4884  3835   1
4886  13405   1
4893  5187   1
4893  8215   1
4908  1930   1
4908  4396   1
4908  8846   1
4915  9152   1
4915  9758   1
4916  642   1
4916  11792   1
4916  8846   1
4919  950   1
4919  2873   1
4919  3677   1
4919  12134   1
4921  13724   1
4923  3998   1
4924  1160   1
4930  7902   1
4931  11662   1
4931  14133   1
4938  8273   1
4938  8305   1
4940  14405   1
4941  2831   1
4941  9313   1
4941  7587   1
4941  7697   1
4948  3222   1
4948  6005   1
4948  9912   1
4949  7369   1
4949  13032   1
4952  5888   1
4966  12366   1
4966  13836   1
4966  525   1
4970  8677   1
4973  12365   1
4977  2441   1
4977  11717   1
4978  11204   1
4978  13797   1
4983  11860   1
4988  5881   1
4988  10508   1
4988  5035   1
5003  8853   1
5005  1130   1
5005  2603   1
5006  1623   1
5006  2081   1
5012  1074   1
5012  13527   1
5033  420   1
5035  4988   1
5035  8713   1
5036  8005   1
5042  437   1
5048  8439   1
5048  4327   1
5048  12144   1
5050  7922   1
5050  11542   1
5054  754   1
5055  1226   1
5055  4652   1
5058  7309   1
5060  11711   1
5070  9645   1
5070  14188   1
5072  13086   1
5072  6937   1
5075  2603   1
5076  9744   1
5076  11497   1
5078  2780   1
5078  4220   1
5087  3742   1
5088  13086   1
5088  6937   1
5090  11724   1
5090  10011   1
5102  2934   1
5102  6448   1
5108  1637   1
5108  12064   1
5112  14098   1
5118  14532   1
5124  2568   1
5124  2378   1
5127  1490   1
5130  11017   1
5137  6014   1
5139  14433   1
5143  1163   1
5143  8623   1
5143  7169   1
5156  9577   1
5156  13598   1
5156  929   1
5160  10720   1
5160  11562   1
5160  3656   1
5161  1408   1
5162  2219   1
5162  10380   1
5162  12750   1
5164  8176   1
5166  3027   1
5166  7073   1
5166  10731   1
5166  4825   1
5167  6621   1
5169  360   1
5169  12427   1
5171  13060   1
5180  4052   1
5180  7920   1
5180  6277   1
5180  9749   1
5182  13131   1
5187  4893   1
5192  10133   1
5197  7793   1
5198  3786   1
5201  6917   1
5201  9414   1
5202  9280   1
5209  9907   1
5209  10481   1
5209  2389   1
5214  2068   1
5214  7651   1
5214  311   1
5215  8166   1
5215  11205   1
5229  3742   1
5229  4533   1
5229  1746   1
5237  741   1
5241  14453   1
5241  7217   1
5245  11690   1
5245  11765   1
5251  6276   1
5266  8819   1
5268  11264   1
5287  3144   1
5289  4126   1
5289  12256   1
5289  8772   1
5289  9005   1
5290  1530   1
5293  2016   1
5296  6650   1
5296  7947   1
5296  2364   1
5296  6776   1
5298  2016   1
5298  10977   1
5298  13004   1
5313  1066   1
5313  1512   1
5313  3575   1
5313  11727   1
5316  3014   1
5316  4412   1
5318  2201   1
5318  12155   1
5336  2410   1
5336  13723   1
5336  7026   1
5336  7889   1
5344  2706   1
5348  4721   1
5348  8336   1
5350  4164   1
5355  14453   1
5355  7217   1
5361  2195   1
5361  9789   1
5361  12651   1
5369  5797   1
5369  6258   1
5373  11092   1
5380  3302   1
5380  1998   1
5380  7019   1
5383  3155   1
5384  1798   1
5384  11160   1
5384  14001   1
5398  5797   1
5398  6258   1
5399  3573   1
5399  8462   1
5405  13136   1
5405  14308   1
5411  2346   1
5412  4603   1
5412  5757   1
5412  3445   1
5412  7707   1
5431  8662   1
5444  9675   1
5457  2219   1
5457  2729   1
5457  6256   1
5465  9675   1
5467  7534   1
5467  1427   1
5467  10281   1
5474  7135   1
5474  1408   1
5476  2662   1
5479  2566   1
5479  2674   1
5483  3451   1
5483  7285   1
5486  9981   1
5501  3584   1
5503  13186   1
5513  5909   1
5515  13076   1
5520  4214   1
5537  6811   1
5537  12830   1
5548  950   1
5548  1343   1
5549  1184   1
5551  4287   1
5556  13403   1
5556  12544   1
5559  3402   1
5559  14024   1
5566  8787   1
5566  5869   1
5566  13151   1
5575  3584   1
5578  7777   1
5589  7777   1
5590  9718   1
5590  12672   1
5597  1164   1
5597  5919   1
5602  13503   1
5614  12227   1
5622  907   1
5622  13637   1
5622  3369   1
5642  11776   1
5644  3269   1
5644  6155   1
5661  6451   1
5661  14098   1
5664  13541   1
5664  7815   1
5664  11035   1
5668  3302   1
5681  1654   1
5681  13683   1
5681  4061   1
5682  12201   1
5683  8662   1
5683  8088   1
5689  3987   1
5693  2014   1
5693  10547   1
5705  11943   1
5705  13883   1
5706  9661   1
5706  10811   1
5706  11397   1
5709  4846   1
5709  7178   1
5718  4104   1
5718  8285   1
5721  3460   1
5725  4104   1
5725  13497   1
5726  8002   1
5732  9527   1
5743  3741   1
5743  13108   1
5744  10976   1
5757  5412   1
5793  11394   1
5793  14535   1
5793  3315   1
5797  5369   1
5797  5398   1
5797  4143   1
5800  10198   1
5800  6587   1
5800  6730   1
5802  6451   1
5802  14098   1
5806  10198   1
5819  7486   1
5819  8191   1
5826  7384   1
5826  11307   1
5841  2916   1
5841  3284   1
5841  8176   1
5843  4644   1
5843  13347   1
5843  4842   1
5843  14262   1
5846  9717   1
5847  8972   1
5847  1183   1
5848  13173   1
5849  10902   1
5849  11193   1
5850  13435   1
5859  1689   1
5859  9350   1
5859  5985   1
5861  2706   1
5862  10035   1
5864  352   1
5869  5566   1
5874  656   1
5874  2179   1
5874  8986   1
5877  9139   1
5877  8600   1
5881  4988   1
5888  1570   1
5888  4952   1
5888  6663   1
5888  13294   1
5900  9577   1
5900  6509   1
5900  11146   1
5902  4481   1
5902  9624   1
5903  12401   1
5909  5513   1
5909  13510   1
5910  13023   1
5910  14032   1
5918  13859   1
5919  5597   1
5919  11286   1
5925  1426   1
5925  6776   1
5929  10507   1
5929  2108   1
5929  3939   1
5932  2240   1
5932  8925   1
5940  3676   1
5940  7302   1
5951  11168   1
5951  13527   1
5951  2711   1
5951  11691   1
5955  2987   1
5955  8671   1
5958  3798   1
5958  13125   1
5985  7627   1
5985  7903   1
5985  5859   1
5994  687   1
5994  7414   1
5994  10639   1
6005  4948   1
6007  8803   1
6011  7940   1
6014  3003   1
6014  9321   1
6014  5137   1
6014  12731   1
6022  1766   1
6022  14226   1
6035  4432   1
6035  9727   1
6035  10172   1
6036  8181   1
6036  8993   1
6048  10359   1
6048  10555   1
6050  3995   1
6050  3997   1
6050  8948   1
6051  8948   1
6051  2340   1
6054  3165   1
6054  9799   1
6057  12865   1
6064  2463   1
6066  6332   1
6070  2634   1
6080  12365   1
6085  10631   1
6085  2566   1
6089  9799   1
6090  3999   1
6093  10639   1
6106  10431   1
6115  3610   1
6116  11423   1
6118  13010   1
6119  3393   1
6119  6155   1
6132  3113   1
6132  12317   1
6133  2229   1
6133  3235   1
6133  13976   1
6143  8370   1
6147  7470   1
6151  12092   1
6153  10550   1
6153  14199   1
6155  6119   1
6155  5644   1
6155  9487   1
6156  2523   1
6160  4365   1
6163  7319   1
6167  3460   1
6175  4423   1
6184  3311   1
6189  9677   1
6191  4848   1
6191  9671   1
6193  7634   1
6196  12664   1
6200  11286   1
6205  11693   1
6208  3285   1
6208  12858   1
6208  2450   1
6208  3480   1
6211  713   1
6213  10512   1
6213  3570   1
6215  6575   1
6225  3626   1
6229  316   1
6229  669   1
6229  2124   1
6229  3574   1
6238  4204   1
6239  4193   1
6245  12484   1
6245  11056   1
6252  4163   1
6252  3411   1
6252  10655   1
6254  2947   1
6256  4700   1
6256  5457   1
6258  5369   1
6258  5398   1
6263  14034   1
6266  4203   1
6270  1650   1
6272  437   1
6276  7251   1
6276  11448   1
6276  5251   1
6276  6949   1
6277  8079   1
6277  5180   1
6279  302   1
6280  13481   1
6281  1728   1
6285  9180   1
6286  8079   1
6286  9477   1
6305  6837   1
6305  10200   1
6316  11450   1
6316  14518   1
6316  10344   1
6330  1681   1
6332  6066   1
6332  6756   1
6332  987   1
6332  14289   1
6341  13559   1
6349  10291   1
6368  647   1
6368  9184   1
6368  1759   1
6368  2074   1
6370  919   1
6373  4397   1
6378  4301   1
6378  9926   1
6381  8284   1
6393  8689   1
6397  8511   1
6411  522   1
6415  132   1
6415  13014   1
6431  10908   1
6431  10973   1
6432  10772   1
6436  1639   1
6440  6752   1
6440  9195   1
6441  1575   1
6448  5102   1
6451  5661   1
6451  5802   1
6453  13340   1
6455  14114   1
6458  13625   1
6458  13914   1
6465  4772   1
6465  13650   1
6466  4844   1
6467  4200   1
6487  7902   1
6487  1104   1
6493  7979   1
6499  10408   1
6507  4309   1
6507  4386   1
6509  5900   1
6511  8154   1
6514  8266   1
6515  7118   1
6518  8511   1
6518  11223   1
6521  4639   1
6521  13532   1
6530  1450   1
6531  10359   1
6531  10555   1
6532  8694   1
6536  537   1
6536  673   1
6541  8764   1
6558  6604   1
6561  1565   1
6564  11757   1
6566  4314   1
6575  297   1
6575  6215   1
6586  2819   1
6587  5800   1
6588  4500   1
6589  13784   1
6595  8972   1
6601  1293   1
6604  2981   1
6604  6558   1
6604  9193   1
6604  14311   1
6613  8543   1
6616  7857   1
6616  8543   1
6621  5167   1
6621  12368   1
6621  10794   1
6624  13978   1
6626  7600   1
6630  7634   1
6642  4203   1
6643  12626   1
6643  11276   1
6650  5296   1
6652  9195   1
6652  9665   1
6663  5888   1
6668  4500   1
6668  4502   1
6668  4503   1
6668  4504   1
6669  7652   1
6669  4092   1
6674  10484   1
6674  11909   1
6674  2547   1
6674  12403   1
6679  3998   1
6686  10291   1
6693  13882   1
6693  13928   1
6699  12349   1
6702  7849   1
6705  12122   1
6713  12754   1
6718  4514   1
6727  1577   1
6727  6993   1
6727  2385   1
6727  2695   1
6728  8005   1
6730  5800   1
6730  2378   1
6740  6939   1
6746  3572   1
6752  6440   1
6756  6332   1
6760  11247   1
6769  2066   1
6771  9082   1
6771  9647   1
6771  8972   1
6776  5296   1
6776  5925   1
6778  4044   1
6782  1939   1
6792  9197   1
6803  11423   1
6807  1186   1
6811  5537   1
6818  9717   1
6824  1795   1
6824  10117   1
6824  3870   1
6824  10673   1
6836  1758   1
6836  9995   1
6836  7798   1
6836  8472   1
6837  6305   1
6837  4314   1
6838  2832   1
6838  12335   1
6840  11106   1
6844  2392   1
6844  1102   1
6849  12212   1
6849  13374   1
6857  302   1
6862  4314   1
6874  3613   1
6877  353   1
6890  197   1
6890  8400   1
6891  4044   1
6897  934   1
6897  1574   1
6897  4504   1
6906  1853   1
6906  2295   1
6907  119   1
6907  2091   1
6908  175   1
6917  5201   1
6920  821   1
6920  13946   1
6925  3610   1
6928  3414   1
6928  4666   1
6933  14091   1
6936  11346   1
6936  1765   1
6937  5072   1
6937  5088   1
6939  12401   1
6939  6740   1
6939  7590   1
6949  6276   1
6961  2277   1
6963  12332   1
6978  393   1
6978  894   1
6993  6727   1
6995  7531   1
6998  10011   1
7002  4354   1
7002  9025   1
7009  8792   1
7009  9475   1
7019  5380   1
7019  2841   1
7019  9156   1
7021  3629   1
7026  5336   1
7028  732   1
7028  10022   1
7029  942   1
7029  4430   1
7031  84   1
7031  13501   1
7039  582   1
7045  4083   1
7045  12518   1
7047  393   1
7048  2137   1
7048  9950   1
7054  3060   1
7058  604   1
7058  9778   1
7063  3550   1
7071  11435   1
7071  11712   1
7073  5166   1
7074  1243   1
7074  7078   1
7077  7279   1
7078  7074   1
7078  7109   1
7094  30   1
7109  7078   1
7111  8467   1
7118  6515   1
7118  11685   1
7132  2392   1
7132  1102   1
7133  3562   1
7133  8616   1
7135  1856   1
7135  1864   1
7135  5474   1
7135  10985   1
7137  11987   1
7139  12076   1
7141  3600   1
7151  10540   1
7151  7979   1
7153  9826   1
7159  1039   1
7164  11433   1
7169  5143   1
7169  817   1
7172  13483   1
7178  5709   1
7183  10023   1
7183  10045   1
7183  12728   1
7185  1814   1
7185  2977   1
7187  8467   1
7196  11139   1
7196  7394   1
7198  11139   1
7198  7592   1
7199  3132   1
7199  9527   1
7203  3738   1
7203  8307   1
7203  11254   1
7213  11221   1
7216  2948   1
7216  13951   1
7216  10941   1
7217  2725   1
7217  5241   1
7217  5355   1
7219  8188   1
7228  10781   1
7247  7721   1
7251  6276   1
7252  2444   1
7252  13166   1
7252  526   1
7252  8459   1
7256  11987   1
7256  13129   1
7266  2134   1
7267  8846   1
7272  3436   1
7279  506   1
7279  7077   1
7279  2831   1
7279  4323   1
7285  5483   1
7285  1705   1
7295  2514   1
7296  12728   1
7302  5940   1
7309  5058   1
7319  3970   1
7319  6163   1
7320  4036   1
7325  2971   1
7325  8878   1
7327  7944   1
7327  9981   1
7340  1012   1
7350  2568   1
7356  2634   1
7357  9289   1
7357  8585   1
7357  8613   1
7369  1272   1
7369  9904   1
7369  4949   1
7369  8014   1
7371  7721   1
7373  2395   1
7375  2971   1
7375  8878   1
7376  3436   1
7377  12248   1
7382  4294   1
7384  3837   1
7384  4116   1
7384  5826   1
7390  11652   1
7391  13249   1
7394  2965   1
7394  7196   1
7399  8432   1
7399  13022   1
7401  583   1
7401  13974   1
7408  11286   1
7414  5994   1
7417  8311   1
7430  3188   1
7435  4319   1
7440  2124   1
7440  8068   1
7440  8590   1
7440  9589   1
7452  2098   1
7454  2691   1
7466  10619   1
7466  12042   1
7470  6147   1
7470  12172   1
7470  259   1
7470  14049   1
7471  333   1
7471  12020   1
7471  2108   1
7471  4510   1
7475  10344   1
7480  10878   1
7481  9310   1
7481  12555   1
7485  2969   1
7485  11817   1
7485  3235   1
7485  12280   1
7486  5819   1
7491  1387   1
7509  1284   1
7510  10595   1
7530  1284   1
7531  6995   1
7531  11768   1
7531  3335   1
7531  14403   1
7534  11652   1
7534  5467   1
7534  10878   1
7539  1765   1
7539  11346   1
7549  8425   1
7557  13638   1
7570  4481   1
7570  9005   1
7572  8811   1
7572  11676   1
7572  7827   1
7572  14317   1
7575  4241   1
7575  9458   1
7576  10512   1
7587  12147   1
7587  4941   1
7589  3163   1
7590  6939   1
7592  2968   1
7592  7198   1
7600  6626   1
7600  8436   1
7600  7678   1
7600  12024   1
7605  10071   1
7613  10472   1
7613  11786   1
7613  12048   1
7613  12205   1
7623  795   1
7627  5985   1
7634  6193   1
7634  6630   1
7640  10000   1
7640  11415   1
7640  9655   1
7646  13455   1
7651  5214   1
7652  3219   1
7652  8835   1
7652  6669   1
7652  9288   1
7669  10912   1
7678  7600   1
7682  9655   1
7684  12880   1
7689  11238   1
7693  1617   1
7693  7730   1
7697  12147   1
7697  4941   1
7699  8218   1
7707  4126   1
7707  5412   1
7721  13060   1
7721  7247   1
7721  7371   1
7723  2543   1
7723  3329   1
7727  13455   1
7727  9719   1
7730  7693   1
7730  3269   1
7764  413   1
7764  12041   1
7764  2705   1
7764  12090   1
7773  13414   1
7773  14102   1
7777  5578   1
7777  5589   1
7786  11985   1
7786  14401   1
7786  13286   1
7786  13643   1
7791  13147   1
7791  8893   1
7792  8467   1
7793  5197   1
7793  10182   1
7794  1343   1
7798  6836   1
7800  1426   1
7800  2563   1
7801  3311   1
7815  5664   1
7815  10831   1
7816  9557   1
7816  14079   1
7821  2500   1
7822  2947   1
7822  11618   1
7826  1794   1
7827  7572   1
7834  11757   1
7834  663   1
7845  2147   1
7849  6702   1
7849  12498   1
7857  6616   1
7857  11564   1
7866  498   1
7866  1813   1
7871  10242   1
7871  14552   1
7878  2147   1
7889  5336   1
7892  11247   1
7899  13023   1
7902  4930   1
7902  6487   1
7903  5985   1
7913  2436   1
7913  3372   1
7920  5180   1
7920  430   1
7920  9749   1
7922  5050   1
7922  8176   1
7925  1745   1
7925  9217   1
7934  1189   1
7934  1392   1
7940  6011   1
7940  8633   1
7941  8005   1
7942  4397   1
7944  595   1
7944  11006   1
7944  7327   1
7944  10963   1
7947  5296   1
7950  10638   1
7961  950   1
7962  3889   1
7964  711   1
7964  8893   1
7970  12514   1
7970  13879   1
7979  8725   1
7979  12074   1
7979  6493   1
7979  7151   1
7980  2608   1
7980  4724   1
7984  3060   1
7985  11963   1
7986  3008   1
7989  10800   1
7989  12123   1
7998  482   1
8002  10439   1
8002  4605   1
8002  5726   1
8005  6728   1
8005  7941   1
8005  5036   1
8005  10643   1
8008  4370   1
8010  353   1
8010  3209   1
8011  10392   1
8013  3609   1
8013  3678   1
8014  7369   1
8018  8531   1
8022  9894   1
8022  11912   1
8022  1429   1
8022  12810   1
8034  2022   1
8034  14260   1
8044  4829   1
8046  13186   1
8049  1053   1
8055  12248   1
8068  7440   1
8070  4815   1
8070  9364   1
8079  6277   1
8079  6286   1
8088  1787   1
8088  5683   1
8088  4815   1
8088  9364   1
8091  2523   1
8093  11693   1
8099  14039   1
8099  14194   1
8099  1363   1
8099  2730   1
8103  8342   1
8103  12570   1
8114  119   1
8114  11757   1
8125  1630   1
8136  13010   1
8136  2479   1
8136  13881   1
8138  3143   1
8145  1145   1
8145  9527   1
8148  11893   1
8154  12903   1
8154  3849   1
8154  6511   1
8156  1383   1
8165  4844   1
8165  8592   1
8166  5215   1
8176  5164   1
8176  11551   1
8176  5841   1
8176  7922   1
8180  3493   1
8181  6036   1
8188  11724   1
8188  7219   1
8188  14156   1
8189  9   1
8190  2208   1
8191  5819   1
8198  39   1
8198  9434   1
8201  14091   1
8204  4468   1
8207  4126   1
8215  4893   1
8216  30   1
8218  1500   1
8218  7699   1
8218  9311   1
8231  2500   1
8248  14034   1
8254  522   1
8264  697   1
8266  6514   1
8266  11830   1
8267  771   1
8270  11238   1
8273  4938   1
8273  1022   1
8280  9687   1
8284  2473   1
8284  6381   1
8285  5718   1
8285  13497   1
8289  348   1
8289  13379   1
8305  4938   1
8305  1022   1
8307  7203   1
8311  4389   1
8311  7417   1
8311  4151   1
8312  9290   1
8319  1510   1
8321  4209   1
8321  4222   1
8332  11027   1
8334  9315   1
8334  13086   1
8336  10968   1
8336  5348   1
8342  8103   1
8344  9783   1
8346  8407   1
8349  10968   1
8366  771   1
8368  13018   1
8368  14041   1
8370  6143   1
8370  13600   1
8385  11436   1
8387  2910   1
8388  10365   1
8388  11050   1
8400  6890   1
8406  1549   1
8407  8346   1
8407  11353   1
8407  12664   1
8409  886   1
8409  8481   1
8423  12078   1
8423  14392   1
8425  7549   1
8425  10963   1
8428  1510   1
8430  4036   1
8432  3547   1
8432  7399   1
8436  7600   1
8436  12016   1
8436  12475   1
8439  1777   1
8439  5048   1
8439  14203   1
8448  4722   1
8448  12149   1
8453  4164   1
8455  1549   1
8459  445   1
8459  541   1
8459  7252   1
8461  2083   1
8461  13818   1
8462  5399   1
8465  12186   1
8465  12208   1
8466  4582   1
8466  4682   1
8467  7111   1
8467  7187   1
8467  7792   1
8470  10491   1
8470  13137   1
8472  6836   1
8474  1387   1
8481  8409   1
8483  1930   1
8490  14354   1
8495  13436   1
8495  14292   1
8495  2288   1
8495  13767   1
8496  770   1
8511  6397   1
8511  6518   1
8511  11223   1
8518  950   1
8526  13403   1
8531  8018   1
8531  12685   1
8534  9677   1
8534  11323   1
8543  1657   1
8543  10800   1
8543  6613   1
8543  6616   1
8545  4248   1
8558  13186   1
8562  2343   1
8569  10059   1
8579  14171   1
8582  13352   1
8585  7357   1
8590  7440   1
8590  3315   1
8592  8165   1
8592  4844   1
8600  5877   1
8609  10229   1
8613  7357   1
8613  3071   1
8616  7133   1
8617  9565   1
8619  10119   1
8623  5143   1
8629  1930   1
8633  7940   1
8642  14384   1
8642  10056   1
8643  1042   1
8654  13403   1
8662  767   1
8662  787   1
8662  5431   1
8662  5683   1
8671  11212   1
8671  5955   1
8675  3649   1
8677  652   1
8677  401   1
8677  4970   1
8679  1575   1
8679  11098   1
8679  13420   1
8680  4770   1
8680  11110   1
8688  3786   1
8688  13375   1
8689  6393   1
8689  13814   1
8689  9290   1
8690  8855   1
8690  754   1
8692  4582   1
8692  4682   1
8694  3160   1
8694  6532   1
8697  3556   1
8697  9168   1
8697  1296   1
8713  5035   1
8720  3396   1
8723  13681   1
8725  11212   1
8725  7979   1
8731  3095   1
8739  10912   1
8739  1905   1
8741  2706   1
8741  13247   1
8759  3115   1
8764  6541   1
8764  12158   1
8768  10308   1
8769  4605   1
8769  4161   1
8769  4244   1
8770  3132   1
8772  5289   1
8779  1217   1
8779  13770   1
8787  11615   1
8787  12099   1
8787  3891   1
8787  5566   1
8792  7009   1
8793  11652   1
8795  11238   1
8797  11860   1
8803  6007   1
8803  11922   1
8811  7572   1
8819  5266   1
8819  14064   1
8819  13129   1
8835  7652   1
8846  7267   1
8846  13459   1
8846  4908   1
8846  4916   1
8850  11336   1
8850  713   1
8853  5003   1
8853  12910   1
8855  9743   1
8855  13436   1
8855  8690   1
8855  9047   1
8857  9229   1
8857  9911   1
8878  7325   1
8878  7375   1
8879  10820   1
8881  11336   1
8882  9651   1
8884  9971   1
8893  7964   1
8893  7791   1
8893  13790   1
8905  9799   1
8906  13677   1
8909  3453   1
8910  11823   1
8911  14453   1
8913  14354   1
8915  10119   1
8925  5932   1
8939  11353   1
8939  1533   1
8939  11849   1
8943  10282   1
8943  10761   1
8948  6050   1
8948  6051   1
8967  3227   1
8967  4099   1
8967  4503   1
8972  2039   1
8972  6771   1
8972  5847   1
8972  6595   1
8974  14453   1
8977  9565   1
8977  9197   1
8986  1498   1
8986  5874   1
8992  9140   1
8992  11125   1
8993  6036   1
9005  7570   1
9005  5289   1
9019  3139   1
9025  7002   1
9032  11554   1
9032  11556   1
9036  9718   1
9036  10595   1
9042  1912   1
9046  14532   1
9047  8855   1
9047  754   1
9051  9084   1
9051  13200   1
9053  929   1
9069  14591   1
9074  13131   1
9082  6771   1
9084  1137   1
9084  9051   1
9089  13899   1
9089  14552   1
9095  9182   1
9095  12564   1
9095  10352   1
9096  2663   1
9096  12378   1
9096  1053   1
9098  3738   1
9098  11423   1
9103  770   1
9109  11625   1
9112  1042   1
9112  1719   1
9121  3468   1
9130  10431   1
9139  5877   1
9139  14137   1
9140  8992   1
9152  10036   1
9152  4915   1
9156  14403   1
9156  7019   1
9159  1152   1
9159  4381   1
9161  2397   1
9162  3722   1
9164  542   1
9168  2444   1
9168  3210   1
9168  8697   1
9180  12484   1
9180  498   1
9180  6285   1
9181  11323   1
9182  9095   1
9184  6368   1
9186  2710   1
9186  2726   1
9186  12128   1
9193  2981   1
9193  6604   1
9195  6440   1
9195  6652   1
9197  10540   1
9197  6792   1
9197  8977   1
9216  3570   1
9217  7925   1
9229  8857   1
9246  1598   1
9258  119   1
9258  11757   1
9259  14146   1
9270  10080   1
9270  11895   1
9280  734   1
9280  5202   1
9288  7652   1
9289  7357   1
9289  14384   1
9290  8312   1
9290  8689   1
9302  10237   1
9304  1765   1
9305  865   1
9310  7481   1
9311  8218   1
9312  1559   1
9312  2250   1
9313  4941   1
9315  8334   1
9315  9687   1
9321  6014   1
9321  12780   1
9325  9357   1
9333  3610   1
9336  890   1
9341  12626   1
9346  11423   1
9350  5859   1
9354  9718   1
9354  2439   1
9357  1341   1
9357  13763   1
9357  9325   1
9357  10953   1
9358  11564   1
9364  8070   1
9364  8088   1
9364  4154   1
9371  3837   1
9371  12410   1
9371  14113   1
9385  4299   1
9385  13883   1
9387  4236   1
9387  4451   1
9388  11323   1
9390  2041   1
9391  2066   1
9414  5201   1
9421  13802   1
9434  8198   1
9434  10064   1
9444  1719   1
9458  12044   1
9458  12051   1
9458  7575   1
9460  991   1
9460  1000   1
9465  795   1
9466  10976   1
9475  7009   1
9475  1614   1
9477  6286   1
9477  11153   1
9482  13083   1
9487  6155   1
9487  10618   1
9496  12810   1
9516  2455   1
9516  316   1
9516  13167   1
9522  12183   1
9522  13326   1
9527  8145   1
9527  5732   1
9527  7199   1
9534  385   1
9534  3444   1
9538  3018   1
9538  3899   1
9543  12457   1
9543  14072   1
9543  11691   1
9557  7816   1
9565  4212   1
9565  8617   1
9565  3156   1
9565  8977   1
9574  11074   1
9576  10515   1
9576  14308   1
9576  13076   1
9577  5156   1
9577  1135   1
9577  5900   1
9586  4432   1
9586  731   1
9587  11823   1
9589  7440   1
9589  3315   1
9590  13493   1
9593  2535   1
9593  2989   1
9610  13802   1
9610  2957   1
9616  13541   1
9617  14034   1
9621  12126   1
9621  12455   1
9624  5902   1
9626  1450   1
9631  13187   1
9631  3853   1
9635  3609   1
9635  3678   1
9636  388   1
9636  13395   1
9640  14444   1
9640  1039   1
9643  13737   1
9645  5070   1
9647  6771   1
9649  1541   1
9649  13756   1
9651  8882   1
9651  14480   1
9654  13441   1
9655  7640   1
9655  7682   1
9661  1172   1
9661  5706   1
9663  21   1
9665  6652   1
9671  6191   1
9671  1937   1
9671  12628   1
9673  12218   1
9675  10434   1
9675  11464   1
9675  5444   1
9675  5465   1
9677  6189   1
9677  8534   1
9687  9315   1
9687  8280   1
9687  13299   1
9710  13559   1
9717  5846   1
9717  6818   1
9718  5590   1
9718  9036   1
9718  9354   1
9719  7727   1
9719  11373   1
9727  6035   1
9733  84   1
9735  13300   1
9743  8855   1
9743  1104   1
9744  14168   1
9744  5076   1
9744  10070   1
9749  5180   1
9749  7920   1
9755  10996   1
9758  14350   1
9758  4915   1
9759  386   1
9760  14444   1
9760  2208   1
9764  11056   1
9766  3738   1
9767  13845   1
9767  14141   1
9767  1066   1
9767  1512   1
9778  7058   1
9783  271   1
9783  8344   1
9783  3505   1
9783  12367   1
9789  5361   1
9796  13316   1
9796  802   1
9799  6089   1
9799  8905   1
9799  6054   1
9800  802   1
9805  12641   1
9812  11254   1
9814  1387   1
9824  10025   1
9826  7153   1
9826  14117   1
9835  3968   1
9837  10530   1
9842  2407   1
9867  2705   1
9871  1650   1
9881  1968   1
9881  3238   1
9883  10166   1
9883  14397   1
9892  4256   1
9892  4767   1
9892  1259   1
9892  4336   1
9894  8022   1
9898  12810   1
9898  11221   1
9903  9997   1
9904  7369   1
9907  5209   1
9911  8857   1
9912  4948   1
9918  4164   1
9919  12865   1
9920  10642   1
9922  2442   1
9922  12923   1
9923  4085   1
9926  1253   1
9926  1349   1
9926  6378   1
9937  12248   1
9950  7048   1
9956  13034   1
9957  11678   1
9958  10942   1
9971  8884   1
9971  14147   1
9975  11678   1
9981  944   1
9981  12387   1
9981  5486   1
9981  7327   1
9995  6836   1
9997  61   1
9997  9903   1
9997  13084   1
10000  2395   1
10000  3821   1
10000  7640   1
10004  3928   1
10004  2455   1
10006  10831   1
10011  5090   1
10011  6998   1
10015  4199   1
10022  7028   1
10023  7183   1
10025  3027   1
10025  9824   1
10026  3738   1
10033  2334   1
10035  4026   1
10035  3657   1
10035  5862   1
10036  1637   1
10036  10968   1
10036  9152   1
10036  14468   1
10041  414   1
10041  2091   1
10041  1140   1
10045  7183   1
10056  8642   1
10056  14300   1
10058  4154   1
10059  1169   1
10059  8569   1
10059  4152   1
10064  9434   1
10064  13498   1
10068  13300   1
10070  9744   1
10071  7605   1
10071  10229   1
10079  439   1
10080  9270   1
10085  2879   1
10085  4290   1
10096  3492   1
10096  10526   1
10099  12750   1
10107  11826   1
10112  14360   1
10117  6824   1
10119  8619   1
10119  8915   1
10124  2129   1
10124  11192   1
10129  10229   1
10133  5192   1
10133  13427   1
10135  3853   1
10136  817   1
10141  2098   1
10141  14360   1
10144  2540   1
10158  2540   1
10166  9883   1
10172  6035   1
10174  13032   1
10174  10996   1
10175  14405   1
10182  7793   1
10184  12729   1
10184  14048   1
10184  2648   1
10184  2841   1
10185  12320   1
10185  13767   1
10196  12620   1
10197  1243   1
10198  5800   1
10198  5806   1
10200  6305   1
10208  11192   1
10213  14591   1
10226  2482   1
10229  8609   1
10229  10129   1
10229  10071   1
10232  2693   1
10237  9302   1
10237  13033   1
10242  7871   1
10251  13804   1
10253  2499   1
10253  4335   1
10253  4116   1
10258  4241   1
10258  12967   1
10261  2693   1
10267  1997   1
10281  5467   1
10282  8943   1
10291  3474   1
10291  6349   1
10291  3918   1
10291  6686   1
10300  4619   1
10300  11722   1
10308  461   1
10308  8768   1
10313  12494   1
10313  12731   1
10343  2720   1
10344  6316   1
10344  7475   1
10347  1620   1
10347  10815   1
10347  14131   1
10352  165   1
10352  9095   1
10357  10618   1
10359  6531   1
10359  6048   1
10361  13701   1
10363  12218   1
10365  8388   1
10367  4077   1
10368  1258   1
10368  14108   1
10370  4077   1
10370  14243   1
10372  1296   1
10373  4468   1
10374  11641   1
10374  3393   1
10379  11028   1
10380  5162   1
10387  259   1
10387  3593   1
10387  4414   1
10392  620   1
10392  12634   1
10392  8011   1
10394  14114   1
10405  4152   1
10408  1616   1
10408  6499   1
10415  11238   1
10431  2699   1
10431  6106   1
10431  9130   1
10434  9675   1
10439  4511   1
10439  8002   1
10442  1162   1
10442  12201   1
10445  4294   1
10450  10566   1
10472  7613   1
10473  124   1
10473  12922   1
10481  5209   1
10484  6674   1
10491  8470   1
10492  1091   1
10492  1525   1
10492  386   1
10492  11132   1
10498  3393   1
10500  2906   1
10500  3468   1
10500  10731   1
10507  523   1
10507  5929   1
10508  4988   1
10512  13681   1
10512  6213   1
10512  7576   1
10515  9576   1
10526  10096   1
10530  781   1
10530  9837   1
10540  7151   1
10540  9197   1
10542  13235   1
10547  5693   1
10549  11846   1
10550  6153   1
10550  2874   1
10550  12640   1
10555  6531   1
10555  6048   1
10556  312   1
10566  10450   1
10566  13422   1
10568  3368   1
10573  1162   1
10579  2042   1
10580  4872   1
10595  14482   1
10595  7510   1
10595  9036   1
10618  9487   1
10618  10357   1
10618  2596   1
10618  11648   1
10619  7466   1
10630  1598   1
10631  6085   1
10631  12550   1
10633  4220   1
10635  3904   1
10638  7950   1
10638  13119   1
10639  5994   1
10639  6093   1
10642  3375   1
10642  4177   1
10642  9920   1
10642  13018   1
10643  8005   1
10644  11159   1
10655  6252   1
10659  2392   1
10659  4472   1
10659  10829   1
10660  2462   1
10660  14535   1
10660  731   1
10673  6824   1
10676  14379   1
10680  3800   1
10689  2540   1
10697  14024   1
10720  5160   1
10731  10500   1
10731  5166   1
10750  14287   1
10761  8943   1
10761  3008   1
10772  1530   1
10772  6432   1
10772  2351   1
10772  2370   1
10781  7228   1
10781  11317   1
10784  1500   1
10786  2016   1
10792  11312   1
10794  6621   1
10800  7989   1
10800  8543   1
10804  583   1
10804  14482   1
10805  4214   1
10810  13744   1
10811  5706   1
10815  10347   1
10815  14131   1
10820  8879   1
10820  13167   1
10820  588   1
10820  11985   1
10823  11144   1
10829  10659   1
10829  11084   1
10831  4488   1
10831  7815   1
10831  1767   1
10831  10006   1
10837  4880   1
10845  3311   1
10867  12155   1
10878  7534   1
10878  7480   1
10891  13638   1
10891  12818   1
10902  5849   1
10908  6431   1
10912  2644   1
10912  3816   1
10912  7669   1
10912  8739   1
10913  1696   1
10923  1140   1
10926  11512   1
10931  11272   1
10941  4502   1
10941  4763   1
10941  7216   1
10942  4502   1
10942  3071   1
10942  9958   1
10953  9357   1
10963  7944   1
10963  8425   1
10968  10036   1
10968  8336   1
10968  8349   1
10973  6431   1
10973  2720   1
10976  5744   1
10976  9466   1
10977  5298   1
10985  1630   1
10985  7135   1
10989  12201   1
10996  9755   1
10996  10174   1
10996  1138   1
10996  11892   1
11006  7944   1
11017  865   1
11017  5130   1
11017  12761   1
11027  2379   1
11027  8332   1
11028  4503   1
11028  1270   1
11028  10379   1
11035  5664   1
11050  8388   1
11056  1120   1
11056  6245   1
11056  801   1
11056  9764   1
11057  3915   1
11057  12622   1
11070  2526   1
11070  4665   1
11070  1183   1
11074  9574   1
11074  12507   1
11084  4111   1
11084  10829   1
11084  3033   1
11084  13356   1
11092  1766   1
11092  5373   1
11093  11771   1
11093  14556   1
11098  8679   1
11098  13247   1
11102  3313   1
11106  12754   1
11106  6840   1
11106  13097   1
11107  12903   1
11110  8680   1
11122  14011   1
11125  8992   1
11132  10492   1
11137  4804   1
11137  4807   1
11138  2965   1
11138  2968   1
11139  14249   1
11139  7196   1
11139  7198   1
11144  10823   1
11144  12099   1
11145  3427   1
11146  5900   1
11147  12087   1
11148  97   1
11153  9477   1
11159  10644   1
11159  12614   1
11160  5384   1
11160  4044   1
11168  5951   1
11177  919   1
11177  13247   1
11181  895   1
11190  3629   1
11192  10208   1
11192  13621   1
11192  10124   1
11193  5849   1
11203  12092   1
11204  4978   1
11205  5215   1
11212  8671   1
11212  8725   1
11221  2261   1
11221  3209   1
11221  7213   1
11221  9898   1
11223  6518   1
11223  8511   1
11223  770   1
11238  8270   1
11238  8795   1
11238  7689   1
11238  10415   1
11247  6760   1
11247  7892   1
11247  1108   1
11247  1263   1
11254  7203   1
11254  1363   1
11254  9812   1
11256  350   1
11256  14381   1
11256  663   1
11264  3277   1
11264  5268   1
11272  10931   1
11272  967   1
11272  14130   1
11273  13628   1
11276  6643   1
11276  13288   1
11286  7408   1
11286  12030   1
11286  5919   1
11286  6200   1
11290  13235   1
11292  4652   1
11301  1220   1
11301  1225   1
11307  5826   1
11312  10792   1
11312  14466   1
11317  10781   1
11319  1598   1
11322  11680   1
11323  2267   1
11323  9388   1
11323  8534   1
11323  9181   1
11334  12087   1
11336  8850   1
11336  8881   1
11346  7539   1
11346  12627   1
11346  3052   1
11346  6936   1
11349  1130   1
11353  8939   1
11353  14401   1
11353  8407   1
11369  1160   1
11373  9719   1
11383  11893   1
11384  4406   1
11394  5793   1
11397  5706   1
11409  4825   1
11415  7640   1
11423  6803   1
11423  9098   1
11423  6116   1
11423  9346   1
11425  2415   1
11431  3720   1
11433  1059   1
11433  7164   1
11435  7071   1
11436  4708   1
11436  8385   1
11436  13435   1
11444  4500   1
11448  6276   1
11450  6316   1
11460  3722   1
11464  9675   1
11466  12754   1
11475  13403   1
11475  683   1
11475  1559   1
11492  12489   1
11492  14114   1
11494  12754   1
11497  12664   1
11497  1088   1
11497  5076   1
11503  2497   1
11510  124   1
11512  10926   1
11512  11971   1
11523  13787   1
11530  393   1
11537  1827   1
11541  13147   1
11542  5050   1
11542  3434   1
11545  12332   1
11545  2254   1
11551  8176   1
11551  3434   1
11554  2327   1
11554  9032   1
11556  2327   1
11556  9032   1
11562  5160   1
11564  7857   1
11564  2778   1
11564  9358   1
11577  12001   1
11578  3987   1
11587  12444   1
11588  697   1
11615  8787   1
11618  7822   1
11618  12349   1
11625  4724   1
11625  9109   1
11630  732   1
11630  1267   1
11633  12076   1
11633  2657   1
11633  3383   1
11638  12122   1
11641  2049   1
11641  10374   1
11648  10618   1
11649  2977   1
11652  8793   1
11652  7390   1
11652  7534   1
11662  4931   1
11676  7572   1
11678  9957   1
11678  9975   1
11680  1690   1
11680  11322   1
11684  2609   1
11685  7118   1
11690  5245   1
11690  14131   1
11691  9543   1
11691  5951   1
11693  6205   1
11693  8093   1
11696  3857   1
11703  12444   1
11708  3145   1
11711  1130   1
11711  729   1
11711  5060   1
11712  7071   1
11717  4977   1
11721  4729   1
11722  10300   1
11724  5090   1
11724  8188   1
11726  13199   1
11726  14130   1
11727  5313   1
11727  3985   1
11730  4623   1
11731  3352   1
11737  3603   1
11741  13787   1
11744  12144   1
11744  12651   1
11756  2858   1
11757  6564   1
11757  7834   1
11757  8114   1
11757  9258   1
11764  12144   1
11765  5245   1
11765  14131   1
11768  859   1
11768  13254   1
11768  7531   1
11771  11093   1
11776  3324   1
11776  5642   1
11776  4504   1
11778  1630   1
11785  1239   1
11786  7613   1
11786  2529   1
11792  4916   1
11803  1639   1
11805  12052   1
11805  13835   1
11806  1798   1
11813  1337   1
11813  1713   1
11817  7485   1
11817  4339   1
11823  8910   1
11823  9587   1
11826  10107   1
11826  12160   1
11830  8266   1
11846  198   1
11846  10549   1
11849  8939   1
11860  3021   1
11860  12553   1
11860  4983   1
11860  8797   1
11869  3152   1
11869  11978   1
11869  12088   1
11869  12387   1
11877  697   1
11889  3222   1
11892  13032   1
11892  10996   1
11893  3161   1
11893  11383   1
11893  2852   1
11893  8148   1
11895  9270   1
11902  14098   1
11904  13503   1
11909  198   1
11909  6674   1
11912  8022   1
11922  8803   1
11926  147   1
11926  14050   1
11926  1657   1
11926  1980   1
11929  14011   1
11931  997   1
11941  3613   1
11943  5705   1
11949  1804   1
11956  12908   1
11956  14583   1
11956  3925   1
11963  12761   1
11963  7985   1
11963  12295   1
11971  11512   1
11972  286   1
11978  11869   1
11983  4204   1
11985  10820   1
11985  7786   1
11987  7137   1
11987  7256   1
11996  3627   1
12001  1996   1
12001  11577   1
12002  766   1
12016  8436   1
12020  7471   1
12020  2603   1
12024  7600   1
12029  3656   1
12030  11286   1
12035  997   1
12041  7764   1
12042  7466   1
12044  9458   1
12048  7613   1
12051  9458   1
12052  11805   1
12052  3627   1
12053  1300   1
12056  991   1
12056  1000   1
12057  13249   1
12064  5108   1
12069  13476   1
12072  482   1
12074  7979   1
12076  7139   1
12076  11633   1
12078  8423   1
12087  11147   1
12087  11334   1
12088  11869   1
12090  7764   1
12092  6151   1
12092  11203   1
12099  11144   1
12099  8787   1
12101  3800   1
12102  2674   1
12104  4365   1
12122  6705   1
12122  11638   1
12123  7989   1
12125  2977   1
12126  9621   1
12128  663   1
12128  9186   1
12134  4919   1
12134  950   1
12144  5048   1
12144  11744   1
12144  11764   1
12145  13695   1
12147  7587   1
12147  7697   1
12149  8448   1
12155  652   1
12155  5318   1
12155  10867   1
12158  8764   1
12159  3320   1
12160  11826   1
12161  198   1
12165  13249   1
12172  7470   1
12173  731   1
12173  1300   1
12183  9522   1
12186  8465   1
12192  2529   1
12195  754   1
12201  5682   1
12201  10989   1
12201  10442   1
12205  7613   1
12208  8465   1
12210  13541   1
12212  2910   1
12212  6849   1
12218  9673   1
12218  10363   1
12227  12800   1
12227  3896   1
12227  5614   1
12235  3353   1
12235  14248   1
12235  2497   1
12237  1341   1
12240  1039   1
12248  2835   1
12248  9937   1
12248  7377   1
12248  8055   1
12256  420   1
12256  5289   1
12274  13547   1
12280  7485   1
12285  2691   1
12295  11963   1
12317  4580   1
12317  6132   1
12318  2083   1
12320  10185   1
12323  3542   1
12329  3603   1
12332  6963   1
12332  11545   1
12335  6838   1
12341  2415   1
12349  6699   1
12349  11618   1
12363  3928   1
12365  4321   1
12365  4973   1
12365  6080   1
12365  14440   1
12366  4966   1
12367  9783   1
12368  6621   1
12378  9096   1
12385  3369   1
12387  9981   1
12387  11869   1
12401  6939   1
12401  13317   1
12401  5903   1
12401  12711   1
12403  6674   1
12403  3603   1
12408  778   1
12408  13094   1
12410  9371   1
12416  1530   1
12427  5169   1
12439  1674   1
12444  11587   1
12444  11703   1
12455  9621   1
12457  9543   1
12475  8436   1
12478  522   1
12484  6245   1
12484  9180   1
12489  11492   1
12491  13818   1
12494  10313   1
12498  7849   1
12504  865   1
12507  11074   1
12514  7970   1
12518  7045   1
12529  1972   1
12529  4277   1
12538  13234   1
12544  4791   1
12544  5556   1
12550  10631   1
12553  11860   1
12555  7481   1
12564  9095   1
12570  8103   1
12582  731   1
12585  1705   1
12586  1033   1
12586  2211   1
12600  2396   1
12612  1625   1
12612  12737   1
12614  11159   1
12615  1614   1
12618  1674   1
12620  1374   1
12620  10196   1
12622  11057   1
12626  6643   1
12626  9341   1
12627  11346   1
12627  741   1
12628  9671   1
12634  10392   1
12640  10550   1
12641  3667   1
12641  9805   1
12651  5361   1
12651  11744   1
12652  1856   1
12652  1864   1
12662  2514   1
12664  8407   1
12664  11497   1
12664  2038   1
12664  6196   1
12666  1681   1
12666  1293   1
12672  5590   1
12684  4151   1
12685  8531   1
12711  935   1
12711  2053   1
12711  12401   1
12728  7183   1
12728  7296   1
12729  10184   1
12729  13086   1
12731  10313   1
12731  6014   1
12736  4652   1
12737  12612   1
12746  14403   1
12750  2858   1
12750  10099   1
12750  2131   1
12750  5162   1
12754  11466   1
12754  11494   1
12754  6713   1
12754  11106   1
12761  3989   1
12761  11017   1
12761  11963   1
12761  13266   1
12780  4154   1
12780  9321   1
12780  1186   1
12783  13414   1
12789  13528   1
12798  14117   1
12799  13528   1
12800  12227   1
12800  13782   1
12804  713   1
12809  13083   1
12810  9496   1
12810  9898   1
12810  8022   1
12812  4518   1
12812  4560   1
12818  795   1
12818  10891   1
12819  3985   1
12830  1162   1
12830  5537   1
12834  1162   1
12846  13784   1
12854  590   1
12854  13628   1
12858  1137   1
12858  3277   1
12858  6208   1
12865  6057   1
12865  9919   1
12880  7684   1
12880  14049   1
12880  270   1
12880  567   1
12890  1309   1
12890  13762   1
12903  288   1
12903  3410   1
12903  8154   1
12903  11107   1
12908  11956   1
12910  8853   1
12919  4406   1
12922  997   1
12922  10473   1
12923  9922   1
12929  4287   1
12950  13187   1
12967  10258   1
12967  13984   1
12967  929   1
12967  14001   1
12989  14433   1
13002  2311   1
13004  5298   1
13008  2141   1
13010  6118   1
13010  8136   1
13014  6415   1
13018  8368   1
13018  13578   1
13018  10642   1
13022  7399   1
13023  5910   1
13023  7899   1
13026  13287   1
13032  1138   1
13032  11892   1
13032  4949   1
13032  10174   1
13033  10237   1
13034  423   1
13034  436   1
13034  1408   1
13034  9956   1
13043  2193   1
13043  4521   1
13060  5171   1
13060  7721   1
13060  1889   1
13069  4815   1
13076  5515   1
13076  9576   1
13083  9482   1
13083  12809   1
13084  9997   1
13086  8334   1
13086  12729   1
13086  5072   1
13086  5088   1
13094  12408   1
13097  11106   1
13108  5743   1
13114  825   1
13114  1997   1
13119  10638   1
13125  5958   1
13125  14171   1
13128  14388   1
13128  14444   1
13129  3724   1
13129  7256   1
13129  8819   1
13129  14048   1
13131  5182   1
13131  9074   1
13135  4815   1
13136  5405   1
13137  8470   1
13147  4624   1
13147  7791   1
13147  11541   1
13147  13790   1
13151  5566   1
13156  1012   1
13156  1297   1
13164  13234   1
13166  7252   1
13167  9516   1
13167  10820   1
13173  5848   1
13186  5503   1
13186  8558   1
13186  2421   1
13186  8046   1
13187  9631   1
13187  12950   1
13187  13336   1
13187  13686   1
13197  13249   1
13199  11726   1
13200  3480   1
13200  9051   1
13212  3368   1
13234  12538   1
13234  13164   1
13235  10542   1
13235  11290   1
13245  3417   1
13245  182   1
13245  1159   1
13247  8741   1
13247  11098   1
13247  11177   1
13249  12057   1
13249  13197   1
13249  7391   1
13249  12165   1
13254  13724   1
13254  11768   1
13257  2552   1
13257  2566   1
13259  3456   1
13266  12761   1
13286  7786   1
13287  13026   1
13287  13574   1
13288  11276   1
13294  5888   1
13299  9687   1
13300  9735   1
13300  10068   1
13302  3074   1
13302  4410   1
13307  1630   1
13316  4304   1
13316  9796   1
13317  12401   1
13317  1356   1
13317  2140   1
13326  9522   1
13328  766   1
13336  13187   1
13336  3853   1
13340  6453   1
13340  14577   1
13347  5843   1
13352  3993   1
13352  8582   1
13356  11084   1
13364  9   1
13372  3627   1
13374  6849   1
13375  8688   1
13379  8289   1
13395  9636   1
13403  8526   1
13403  8654   1
13403  5556   1
13403  11475   1
13405  4875   1
13405  4886   1
13411  4100   1
13414  7773   1
13414  801   1
13414  12783   1
13420  2605   1
13420  8679   1
13422  10566   1
13426  437   1
13427  770   1
13427  10133   1
13435  5850   1
13435  11436   1
13435  593   1
13436  8495   1
13436  8855   1
13441  3424   1
13441  9654   1
13451  3311   1
13453  2935   1
13453  4442   1
13455  2226   1
13455  7646   1
13455  7727   1
13459  8846   1
13475  1565   1
13476  2116   1
13476  12069   1
13481  4630   1
13481  6280   1
13483  869   1
13483  1038   1
13483  2987   1
13483  7172   1
13488  713   1
13493  4061   1
13493  9590   1
13497  3551   1
13497  5725   1
13497  8285   1
13498  10064   1
13501  7031   1
13503  757   1
13503  5602   1
13503  4416   1
13503  11904   1
13510  5909   1
13523  1540   1
13523  14289   1
13527  5951   1
13527  5012   1
13528  12789   1
13528  12799   1
13530  3313   1
13532  6521   1
13541  3723   1
13541  5664   1
13541  2443   1
13541  9616   1
13541  12210   1
13547  12274   1
13559  6341   1
13559  9710   1
13574  13287   1
13574  2611   1
13576  4241   1
13578  13018   1
13584  2121   1
13588  2334   1
13598  5156   1
13600  8370   1
13611  757   1
13621  11192   1
13625  6458   1
13628  4046   1
13628  11273   1
13628  12854   1
13637  5622   1
13638  496   1
13638  7557   1
13638  10891   1
13642  1623   1
13642  13756   1
13643  7786   1
13650  6465   1
13650  1590   1
13651  1590   1
13677  4119   1
13677  8906   1
13681  8723   1
13681  10512   1
13683  5681   1
13686  13187   1
13686  3853   1
13695  12145   1
13701  1084   1
13701  10361   1
13703  2334   1
13715  3456   1
13723  5336   1
13724  4921   1
13724  13254   1
13724  1129   1
13724  3342   1
13727  2277   1
13737  3860   1
13737  9643   1
13739  2611   1
13744  2508   1
13744  10810   1
13749  697   1
13756  9649   1
13756  13642   1
13759  14583   1
13762  12890   1
13763  9357   1
13767  10185   1
13767  8495   1
13770  8779   1
13782  12800   1
13784  6589   1
13784  12846   1
13786  2957   1
13787  11523   1
13787  11741   1
13790  8893   1
13790  13147   1
13797  4978   1
13802  9421   1
13802  9610   1
13804  4847   1
13804  10251   1
13814  8689   1
13818  4286   1
13818  8461   1
13818  12491   1
13824  1038   1
13826  2374   1
13826  2446   1
13830  1296   1
13835  11805   1
13836  4966   1
13845  9767   1
13859  1349   1
13859  5918   1
13860  3603   1
13867  4673   1
13873  1383   1
13879  7970   1
13881  8136   1
13882  6693   1
13883  9385   1
13883  5705   1
13897  13908   1
13897  14136   1
13897  4206   1
13899  9089   1
13908  311   1
13908  3619   1
13908  13897   1
13914  4673   1
13914  6458   1
13928  6693   1
13931  3143   1
13931  3144   1
13931  3145   1
13931  3183   1
13937  14168   1
13946  6920   1
13948  3453   1
13951  7216   1
13972  2780   1
13974  2334   1
13974  7401   1
13976  6133   1
13978  6624   1
13979  2394   1
13979  2464   1
13980  3417   1
13984  12967   1
13986  4514   1
13996  4164   1
13998  3985   1
14001  12967   1
14001  5384   1
14011  11122   1
14011  11929   1
14011  1289   1
14011  1315   1
14015  1130   1
14024  5559   1
14024  10697   1
14032  3535   1
14032  5910   1
14034  6263   1
14034  9617   1
14034  1460   1
14034  8248   1
14039  8099   1
14041  8368   1
14048  10184   1
14048  13129   1
14049  12880   1
14049  7470   1
14050  11926   1
14054  496   1
14057  521   1
14057  522   1
14057  4352   1
14064  3113   1
14064  8819   1
14071  3127   1
14071  3474   1
14072  9543   1
14079  7816   1
14091  6933   1
14091  8201   1
14098  5112   1
14098  5661   1
14098  5802   1
14098  11902   1
14102  7773   1
14108  10368   1
14109  2691   1
14113  9371   1
14114  6455   1
14114  10394   1
14114  11492   1
14117  2879   1
14117  12798   1
14117  9826   1
14121  2858   1
14130  11272   1
14130  11726   1
14131  10347   1
14131  10815   1
14131  11690   1
14131  11765   1
14133  4931   1
14133  1074   1
14135  1912   1
14136  13897   1
14137  9139   1
14138  504   1
14141  9767   1
14146  1738   1
14146  9259   1
14147  9971   1
14156  8188   1
14168  9744   1
14168  13937   1
14171  8579   1
14171  13125   1
14178  4728   1
14178  1889   1
14184  2209   1
14188  5070   1
14194  8099   1
14199  4163   1
14199  6153   1
14203  8439   1
14226  6022   1
14239  14474   1
14243  10370   1
14248  12235   1
14249  3103   1
14249  11139   1
14254  3720   1
14260  8034   1
14262  5843   1
14272  175   1
14284  1942   1
14287  4221   1
14287  10750   1
14289  13523   1
14289  6332   1
14292  2981   1
14292  8495   1
14300  10056   1
14308  5405   1
14308  9576   1
14311  6604   1
14313  1103   1
14317  7572   1
14346  1794   1
14350  598   1
14350  9758   1
14354  8490   1
14354  8913   1
14360  10112   1
14360  10141   1
14368  805   1
14368  14431   1
14379  2229   1
14379  10676   1
14380  1307   1
14380  1308   1
14381  11256   1
14384  9289   1
14384  4452   1
14384  8642   1
14388  1039   1
14388  13128   1
14392  8423   1
14397  9883   1
14401  11353   1
14401  7786   1
14403  7531   1
14403  9156   1
14403  12746   1
14405  4940   1
14405  10175   1
14408  255   1
14427  2324   1
14431  14368   1
14433  1223   1
14433  5139   1
14433  12989   1
14440  12365   1
14444  13128   1
14444  9640   1
14444  9760   1
14453  8911   1
14453  8974   1
14453  5241   1
14453  5355   1
14461  240   1
14461  2429   1
14466  11312   1
14468  10036   1
14474  278   1
14474  14239   1
14480  9651   1
14482  10804   1
14482  3163   1
14482  10595   1
14490  1389   1
14490  4047   1
14518  6316   1
14532  5118   1
14532  9046   1
14535  10660   1
14535  5793   1
14552  7871   1
14552  9089   1
14556  11093   1
14564  3800   1
14572  386   1
14572  499   1
14572  579   1
14577  13340   1
14583  3324   1
14583  13759   1
14583  11956   1
14589  84   1
14589  1223   1
14591  9069   1
14591  10213   1
14597  1239   1
